     0.000     0.000     0.000     0.000     0.000     0.000     0.000     0.000     0.000     0.000     0.000     0.000     0.000     0.000     0.000     0.000     0.000     0.000     0.000     0.000     0.000     0.000     0.000     0.000     0.000     0.000     0.000     0.000     0.000     0.000     0.000     0.000     0.000     0.000     0.000     0.000     0.000     0.000     0.000     0.000     0.000     0.000     0.000     0.000     0.000     0.000     0.000     0.000     0.000     0.000
     0.000     0.004     0.008     0.012     0.016     0.019     0.023     0.027     0.030     0.034     0.037     0.040     0.043     0.046     0.048     0.051     0.053     0.055     0.057     0.058     0.060     0.061     0.062     0.062     0.063     0.063     0.063     0.062     0.062     0.061     0.060     0.058     0.057     0.055     0.053     0.051     0.048     0.046     0.043     0.040     0.037     0.034     0.030     0.027     0.023     0.019     0.016     0.012     0.008     0.004
     0.000     0.008     0.016     0.023     0.031     0.039     0.046     0.053     0.060     0.067     0.074     0.080     0.086     0.091     0.097     0.101     0.106     0.110     0.113     0.117     0.119     0.121     0.123     0.124     0.125     0.125     0.125     0.124     0.123     0.121     0.119     0.117     0.113     0.110     0.106     0.101     0.097     0.091     0.086     0.080     0.074     0.067     0.060     0.053     0.046     0.039     0.031     0.023     0.016     0.008
     0.000     0.012     0.023     0.035     0.047     0.058     0.069     0.080     0.090     0.100     0.110     0.119     0.128     0.137     0.144     0.152     0.158     0.164     0.170     0.174     0.178     0.181     0.184     0.186     0.187     0.187     0.187     0.186     0.184     0.181     0.178     0.174     0.170     0.164     0.158     0.152     0.144     0.137     0.128     0.119     0.110     0.100     0.090     0.080     0.069     0.058     0.047     0.035     0.023     0.012
     0.000     0.016     0.031     0.047     0.062     0.077     0.092     0.106     0.120     0.133     0.146     0.159     0.170     0.181     0.192     0.201     0.210     0.218     0.225     0.231     0.237     0.241     0.244     0.247     0.248     0.249     0.248     0.247     0.244     0.241     0.237     0.231     0.225     0.218     0.210     0.201     0.192     0.181     0.170     0.159     0.146     0.133     0.120     0.106     0.092     0.077     0.062     0.047     0.031     0.016
     0.000     0.019     0.039     0.058     0.077     0.095     0.114     0.132     0.149     0.166     0.182     0.197     0.212     0.225     0.238     0.250     0.261     0.271     0.280     0.287     0.294     0.299     0.304     0.307     0.308     0.309     0.308     0.307     0.304     0.299     0.294     0.287     0.280     0.271     0.261     0.250     0.238     0.225     0.212     0.197     0.182     0.166     0.149     0.132     0.114     0.095     0.077     0.058     0.039     0.019
     0.000     0.023     0.046     0.069     0.092     0.114     0.136     0.157     0.177     0.197     0.216     0.235     0.252     0.268     0.284     0.298     0.311     0.323     0.333     0.342     0.350     0.357     0.362     0.365     0.367     0.368     0.367     0.365     0.362     0.357     0.350     0.342     0.333     0.323     0.311     0.298     0.284     0.268     0.252     0.235     0.216     0.197     0.177     0.157     0.136     0.114     0.092     0.069     0.046     0.023
     0.000     0.027     0.053     0.080     0.106     0.132     0.157     0.181     0.205     0.228     0.250     0.271     0.291     0.310     0.328     0.344     0.359     0.373     0.385     0.396     0.405     0.412     0.418     0.422     0.425     0.426     0.425     0.422     0.418     0.412     0.405     0.396     0.385     0.373     0.359     0.344     0.328     0.310     0.291     0.271     0.250     0.228     0.205     0.181     0.157     0.132     0.106     0.080     0.053     0.027
     0.000     0.030     0.060     0.090     0.120     0.149     0.177     0.205     0.232     0.258     0.283     0.307     0.330     0.351     0.371     0.390     0.407     0.422     0.436     0.448     0.458     0.467     0.473     0.478     0.481     0.482     0.481     0.478     0.473     0.467     0.458     0.448     0.436     0.422     0.407     0.390     0.371     0.351     0.330     0.307     0.283     0.258     0.232     0.205     0.177     0.149     0.120     0.090     0.060     0.030
     0.000     0.034     0.067     0.100     0.133     0.166     0.197     0.228     0.258     0.287     0.315     0.342     0.367     0.391     0.413     0.433     0.452     0.470     0.485     0.498     0.510     0.519     0.526     0.532     0.535     0.536     0.535     0.532     0.526     0.519     0.510     0.498     0.485     0.470     0.452     0.433     0.413     0.391     0.367     0.342     0.315     0.287     0.258     0.228     0.197     0.166     0.133     0.100     0.067     0.034
     0.000     0.037     0.074     0.110     0.146     0.182     0.216     0.250     0.283     0.315     0.345     0.375     0.402     0.428     0.453     0.476     0.496     0.515     0.532     0.547     0.559     0.569     0.577     0.583     0.587     0.588     0.587     0.583     0.577     0.569     0.559     0.547     0.532     0.515     0.496     0.476     0.453     0.428     0.402     0.375     0.345     0.315     0.283     0.250     0.216     0.182     0.146     0.110     0.074     0.037
     0.000     0.040     0.080     0.119     0.159     0.197     0.235     0.271     0.307     0.342     0.375     0.406     0.436     0.465     0.491     0.516     0.538     0.559     0.577     0.593     0.606     0.617     0.626     0.632     0.636     0.637     0.636     0.632     0.626     0.617     0.606     0.593     0.577     0.559     0.538     0.516     0.491     0.465     0.436     0.406     0.375     0.342     0.307     0.271     0.235     0.197     0.159     0.119     0.080     0.040
     0.000     0.043     0.086     0.128     0.170     0.212     0.252     0.291     0.330     0.367     0.402     0.436     0.469     0.499     0.527     0.554     0.578     0.600     0.619     0.636     0.651     0.663     0.672     0.679     0.683     0.685     0.683     0.679     0.672     0.663     0.651     0.636     0.619     0.600     0.578     0.554     0.527     0.499     0.469     0.436     0.402     0.367     0.330     0.291     0.252     0.212     0.170     0.128     0.086     0.043
     0.000     0.046     0.091     0.137     0.181     0.225     0.268     0.310     0.351     0.391     0.428     0.465     0.499     0.531     0.562     0.590     0.615     0.639     0.660     0.678     0.693     0.706     0.716     0.723     0.728     0.729     0.728     0.723     0.716     0.706     0.693     0.678     0.660     0.639     0.615     0.590     0.562     0.531     0.499     0.465     0.428     0.391     0.351     0.310     0.268     0.225     0.181     0.137     0.091     0.046
     0.000     0.048     0.097     0.144     0.192     0.238     0.284     0.328     0.371     0.413     0.453     0.491     0.527     0.562     0.594     0.623     0.651     0.675     0.697     0.716     0.733     0.746     0.757     0.764     0.769     0.771     0.769     0.764     0.757     0.746     0.733     0.716     0.697     0.675     0.651     0.623     0.594     0.562     0.527     0.491     0.453     0.413     0.371     0.328     0.284     0.238     0.192     0.144     0.097     0.048
     0.000     0.051     0.101     0.152     0.201     0.250     0.298     0.344     0.390     0.433     0.476     0.516     0.554     0.590     0.623     0.655     0.683     0.709     0.732     0.752     0.769     0.784     0.795     0.803     0.807     0.809     0.807     0.803     0.795     0.784     0.769     0.752     0.732     0.709     0.683     0.655     0.623     0.590     0.554     0.516     0.476     0.433     0.390     0.344     0.298     0.250     0.201     0.152     0.101     0.051
     0.000     0.053     0.106     0.158     0.210     0.261     0.311     0.359     0.407     0.452     0.496     0.538     0.578     0.615     0.651     0.683     0.713     0.740     0.764     0.785     0.803     0.818     0.829     0.838     0.843     0.844     0.843     0.838     0.829     0.818     0.803     0.785     0.764     0.740     0.713     0.683     0.651     0.615     0.578     0.538     0.496     0.452     0.407     0.359     0.311     0.261     0.210     0.158     0.106     0.053
     0.000     0.055     0.110     0.164     0.218     0.271     0.323     0.373     0.422     0.470     0.515     0.559     0.600     0.639     0.675     0.709     0.740     0.768     0.793     0.815     0.833     0.849     0.861     0.869     0.875     0.876     0.875     0.869     0.861     0.849     0.833     0.815     0.793     0.768     0.740     0.709     0.675     0.639     0.600     0.559     0.515     0.470     0.422     0.373     0.323     0.271     0.218     0.164     0.110     0.055
     0.000     0.057     0.113     0.170     0.225     0.280     0.333     0.385     0.436     0.485     0.532     0.577     0.619     0.660     0.697     0.732     0.764     0.793     0.819     0.841     0.861     0.876     0.889     0.898     0.903     0.905     0.903     0.898     0.889     0.876     0.861     0.841     0.819     0.793     0.764     0.732     0.697     0.660     0.619     0.577     0.532     0.485     0.436     0.385     0.333     0.280     0.225     0.170     0.113     0.057
     0.000     0.058     0.117     0.174     0.231     0.287     0.342     0.396     0.448     0.498     0.547     0.593     0.636     0.678     0.716     0.752     0.785     0.815     0.841     0.864     0.884     0.901     0.913     0.922     0.928     0.930     0.928     0.922     0.913     0.901     0.884     0.864     0.841     0.815     0.785     0.752     0.716     0.678     0.636     0.593     0.547     0.498     0.448     0.396     0.342     0.287     0.231     0.174     0.117     0.058
     0.000     0.060     0.119     0.178     0.237     0.294     0.350     0.405     0.458     0.510     0.559     0.606     0.651     0.693     0.733     0.769     0.803     0.833     0.861     0.884     0.905     0.921     0.934     0.944     0.949     0.951     0.949     0.944     0.934     0.921     0.905     0.884     0.861     0.833     0.803     0.769     0.733     0.693     0.651     0.606     0.559     0.510     0.458     0.405     0.350     0.294     0.237     0.178     0.119     0.060
     0.000     0.061     0.121     0.181     0.241     0.299     0.357     0.412     0.467     0.519     0.569     0.617     0.663     0.706     0.746     0.784     0.818     0.849     0.876     0.901     0.921     0.938     0.951     0.961     0.967     0.969     0.967     0.961     0.951     0.938     0.921     0.901     0.876     0.849     0.818     0.784     0.746     0.706     0.663     0.617     0.569     0.519     0.467     0.412     0.357     0.299     0.241     0.181     0.121     0.061
     0.000     0.062     0.123     0.184     0.244     0.304     0.362     0.418     0.473     0.526     0.577     0.626     0.672     0.716     0.757     0.795     0.829     0.861     0.889     0.913     0.934     0.951     0.965     0.975     0.980     0.982     0.980     0.975     0.965     0.951     0.934     0.913     0.889     0.861     0.829     0.795     0.757     0.716     0.672     0.626     0.577     0.526     0.473     0.418     0.362     0.304     0.244     0.184     0.123     0.062
     0.000     0.062     0.124     0.186     0.247     0.307     0.365     0.422     0.478     0.532     0.583     0.632     0.679     0.723     0.764     0.803     0.838     0.869     0.898     0.922     0.944     0.961     0.975     0.984     0.990     0.992     0.990     0.984     0.975     0.961     0.944     0.922     0.898     0.869     0.838     0.803     0.764     0.723     0.679     0.632     0.583     0.532     0.478     0.422     0.365     0.307     0.247     0.186     0.124     0.062
     0.000     0.063     0.125     0.187     0.248     0.308     0.367     0.425     0.481     0.535     0.587     0.636     0.683     0.728     0.769     0.807     0.843     0.875     0.903     0.928     0.949     0.967     0.980     0.990     0.996     0.998     0.996     0.990     0.980     0.967     0.949     0.928     0.903     0.875     0.843     0.807     0.769     0.728     0.683     0.636     0.587     0.535     0.481     0.425     0.367     0.308     0.248     0.187     0.125     0.063
     0.000     0.063     0.125     0.187     0.249     0.309     0.368     0.426     0.482     0.536     0.588     0.637     0.685     0.729     0.771     0.809     0.844     0.876     0.905     0.930     0.951     0.969     0.982     0.992     0.998     1.000     0.998     0.992     0.982     0.969     0.951     0.930     0.905     0.876     0.844     0.809     0.771     0.729     0.685     0.637     0.588     0.536     0.482     0.426     0.368     0.309     0.249     0.187     0.125     0.063
     0.000     0.063     0.125     0.187     0.248     0.308     0.367     0.425     0.481     0.535     0.587     0.636     0.683     0.728     0.769     0.807     0.843     0.875     0.903     0.928     0.949     0.967     0.980     0.990     0.996     0.998     0.996     0.990     0.980     0.967     0.949     0.928     0.903     0.875     0.843     0.807     0.769     0.728     0.683     0.636     0.587     0.535     0.481     0.425     0.367     0.308     0.248     0.187     0.125     0.063
     0.000     0.062     0.124     0.186     0.247     0.307     0.365     0.422     0.478     0.532     0.583     0.632     0.679     0.723     0.764     0.803     0.838     0.869     0.898     0.922     0.944     0.961     0.975     0.984     0.990     0.992     0.990     0.984     0.975     0.961     0.944     0.922     0.898     0.869     0.838     0.803     0.764     0.723     0.679     0.632     0.583     0.532     0.478     0.422     0.365     0.307     0.247     0.186     0.124     0.062
     0.000     0.062     0.123     0.184     0.244     0.304     0.362     0.418     0.473     0.526     0.577     0.626     0.672     0.716     0.757     0.795     0.829     0.861     0.889     0.913     0.934     0.951     0.965     0.975     0.980     0.982     0.980     0.975     0.965     0.951     0.934     0.913     0.889     0.861     0.829     0.795     0.757     0.716     0.672     0.626     0.577     0.526     0.473     0.418     0.362     0.304     0.244     0.184     0.123     0.062
     0.000     0.061     0.121     0.181     0.241     0.299     0.357     0.412     0.467     0.519     0.569     0.617     0.663     0.706     0.746     0.784     0.818     0.849     0.876     0.901     0.921     0.938     0.951     0.961     0.967     0.969     0.967     0.961     0.951     0.938     0.921     0.901     0.876     0.849     0.818     0.784     0.746     0.706     0.663     0.617     0.569     0.519     0.467     0.412     0.357     0.299     0.241     0.181     0.121     0.061
     0.000     0.060     0.119     0.178     0.237     0.294     0.350     0.405     0.458     0.510     0.559     0.606     0.651     0.693     0.733     0.769     0.803     0.833     0.861     0.884     0.905     0.921     0.934     0.944     0.949     0.951     0.949     0.944     0.934     0.921     0.905     0.884     0.861     0.833     0.803     0.769     0.733     0.693     0.651     0.606     0.559     0.510     0.458     0.405     0.350     0.294     0.237     0.178     0.119     0.060
     0.000     0.058     0.117     0.174     0.231     0.287     0.342     0.396     0.448     0.498     0.547     0.593     0.636     0.678     0.716     0.752     0.785     0.815     0.841     0.864     0.884     0.901     0.913     0.922     0.928     0.930     0.928     0.922     0.913     0.901     0.884     0.864     0.841     0.815     0.785     0.752     0.716     0.678     0.636     0.593     0.547     0.498     0.448     0.396     0.342     0.287     0.231     0.174     0.117     0.058
     0.000     0.057     0.113     0.170     0.225     0.280     0.333     0.385     0.436     0.485     0.532     0.577     0.619     0.660     0.697     0.732     0.764     0.793     0.819     0.841     0.861     0.876     0.889     0.898     0.903     0.905     0.903     0.898     0.889     0.876     0.861     0.841     0.819     0.793     0.764     0.732     0.697     0.660     0.619     0.577     0.532     0.485     0.436     0.385     0.333     0.280     0.225     0.170     0.113     0.057
     0.000     0.055     0.110     0.164     0.218     0.271     0.323     0.373     0.422     0.470     0.515     0.559     0.600     0.639     0.675     0.709     0.740     0.768     0.793     0.815     0.833     0.849     0.861     0.869     0.875     0.876     0.875     0.869     0.861     0.849     0.833     0.815     0.793     0.768     0.740     0.709     0.675     0.639     0.600     0.559     0.515     0.470     0.422     0.373     0.323     0.271     0.218     0.164     0.110     0.055
     0.000     0.053     0.106     0.158     0.210     0.261     0.311     0.359     0.407     0.452     0.496     0.538     0.578     0.615     0.651     0.683     0.713     0.740     0.764     0.785     0.803     0.818     0.829     0.838     0.843     0.844     0.843     0.838     0.829     0.818     0.803     0.785     0.764     0.740     0.713     0.683     0.651     0.615     0.578     0.538     0.496     0.452     0.407     0.359     0.311     0.261     0.210     0.158     0.106     0.053
     0.000     0.051     0.101     0.152     0.201     0.250     0.298     0.344     0.390     0.433     0.476     0.516     0.554     0.590     0.623     0.655     0.683     0.709     0.732     0.752     0.769     0.784     0.795     0.803     0.807     0.809     0.807     0.803     0.795     0.784     0.769     0.752     0.732     0.709     0.683     0.655     0.623     0.590     0.554     0.516     0.476     0.433     0.390     0.344     0.298     0.250     0.201     0.152     0.101     0.051
     0.000     0.048     0.097     0.144     0.192     0.238     0.284     0.328     0.371     0.413     0.453     0.491     0.527     0.562     0.594     0.623     0.651     0.675     0.697     0.716     0.733     0.746     0.757     0.764     0.769     0.771     0.769     0.764     0.757     0.746     0.733     0.716     0.697     0.675     0.651     0.623     0.594     0.562     0.527     0.491     0.453     0.413     0.371     0.328     0.284     0.238     0.192     0.144     0.097     0.048
     0.000     0.046     0.091     0.137     0.181     0.225     0.268     0.310     0.351     0.391     0.428     0.465     0.499     0.531     0.562     0.590     0.615     0.639     0.660     0.678     0.693     0.706     0.716     0.723     0.728     0.729     0.728     0.723     0.716     0.706     0.693     0.678     0.660     0.639     0.615     0.590     0.562     0.531     0.499     0.465     0.428     0.391     0.351     0.310     0.268     0.225     0.181     0.137     0.091     0.046
     0.000     0.043     0.086     0.128     0.170     0.212     0.252     0.291     0.330     0.367     0.402     0.436     0.469     0.499     0.527     0.554     0.578     0.600     0.619     0.636     0.651     0.663     0.672     0.679     0.683     0.685     0.683     0.679     0.672     0.663     0.651     0.636     0.619     0.600     0.578     0.554     0.527     0.499     0.469     0.436     0.402     0.367     0.330     0.291     0.252     0.212     0.170     0.128     0.086     0.043
     0.000     0.040     0.080     0.119     0.159     0.197     0.235     0.271     0.307     0.342     0.375     0.406     0.436     0.465     0.491     0.516     0.538     0.559     0.577     0.593     0.606     0.617     0.626     0.632     0.636     0.637     0.636     0.632     0.626     0.617     0.606     0.593     0.577     0.559     0.538     0.516     0.491     0.465     0.436     0.406     0.375     0.342     0.307     0.271     0.235     0.197     0.159     0.119     0.080     0.040
     0.000     0.037     0.074     0.110     0.146     0.182     0.216     0.250     0.283     0.315     0.345     0.375     0.402     0.428     0.453     0.476     0.496     0.515     0.532     0.547     0.559     0.569     0.577     0.583     0.587     0.588     0.587     0.583     0.577     0.569     0.559     0.547     0.532     0.515     0.496     0.476     0.453     0.428     0.402     0.375     0.345     0.315     0.283     0.250     0.216     0.182     0.146     0.110     0.074     0.037
     0.000     0.034     0.067     0.100     0.133     0.166     0.197     0.228     0.258     0.287     0.315     0.342     0.367     0.391     0.413     0.433     0.452     0.470     0.485     0.498     0.510     0.519     0.526     0.532     0.535     0.536     0.535     0.532     0.526     0.519     0.510     0.498     0.485     0.470     0.452     0.433     0.413     0.391     0.367     0.342     0.315     0.287     0.258     0.228     0.197     0.166     0.133     0.100     0.067     0.034
     0.000     0.030     0.060     0.090     0.120     0.149     0.177     0.205     0.232     0.258     0.283     0.307     0.330     0.351     0.371     0.390     0.407     0.422     0.436     0.448     0.458     0.467     0.473     0.478     0.481     0.482     0.481     0.478     0.473     0.467     0.458     0.448     0.436     0.422     0.407     0.390     0.371     0.351     0.330     0.307     0.283     0.258     0.232     0.205     0.177     0.149     0.120     0.090     0.060     0.030
     0.000     0.027     0.053     0.080     0.106     0.132     0.157     0.181     0.205     0.228     0.250     0.271     0.291     0.310     0.328     0.344     0.359     0.373     0.385     0.396     0.405     0.412     0.418     0.422     0.425     0.426     0.425     0.422     0.418     0.412     0.405     0.396     0.385     0.373     0.359     0.344     0.328     0.310     0.291     0.271     0.250     0.228     0.205     0.181     0.157     0.132     0.106     0.080     0.053     0.027
     0.000     0.023     0.046     0.069     0.092     0.114     0.136     0.157     0.177     0.197     0.216     0.235     0.252     0.268     0.284     0.298     0.311     0.323     0.333     0.342     0.350     0.357     0.362     0.365     0.367     0.368     0.367     0.365     0.362     0.357     0.350     0.342     0.333     0.323     0.311     0.298     0.284     0.268     0.252     0.235     0.216     0.197     0.177     0.157     0.136     0.114     0.092     0.069     0.046     0.023
     0.000     0.019     0.039     0.058     0.077     0.095     0.114     0.132     0.149     0.166     0.182     0.197     0.212     0.225     0.238     0.250     0.261     0.271     0.280     0.287     0.294     0.299     0.304     0.307     0.308     0.309     0.308     0.307     0.304     0.299     0.294     0.287     0.280     0.271     0.261     0.250     0.238     0.225     0.212     0.197     0.182     0.166     0.149     0.132     0.114     0.095     0.077     0.058     0.039     0.019
     0.000     0.016     0.031     0.047     0.062     0.077     0.092     0.106     0.120     0.133     0.146     0.159     0.170     0.181     0.192     0.201     0.210     0.218     0.225     0.231     0.237     0.241     0.244     0.247     0.248     0.249     0.248     0.247     0.244     0.241     0.237     0.231     0.225     0.218     0.210     0.201     0.192     0.181     0.170     0.159     0.146     0.133     0.120     0.106     0.092     0.077     0.062     0.047     0.031     0.016
     0.000     0.012     0.023     0.035     0.047     0.058     0.069     0.080     0.090     0.100     0.110     0.119     0.128     0.137     0.144     0.152     0.158     0.164     0.170     0.174     0.178     0.181     0.184     0.186     0.187     0.187     0.187     0.186     0.184     0.181     0.178     0.174     0.170     0.164     0.158     0.152     0.144     0.137     0.128     0.119     0.110     0.100     0.090     0.080     0.069     0.058     0.047     0.035     0.023     0.012
     0.000     0.008     0.016     0.023     0.031     0.039     0.046     0.053     0.060     0.067     0.074     0.080     0.086     0.091     0.097     0.101     0.106     0.110     0.113     0.117     0.119     0.121     0.123     0.124     0.125     0.125     0.125     0.124     0.123     0.121     0.119     0.117     0.113     0.110     0.106     0.101     0.097     0.091     0.086     0.080     0.074     0.067     0.060     0.053     0.046     0.039     0.031     0.023     0.016     0.008
     0.000     0.004     0.008     0.012     0.016     0.019     0.023     0.027     0.030     0.034     0.037     0.040     0.043     0.046     0.048     0.051     0.053     0.055     0.057     0.058     0.060     0.061     0.062     0.062     0.063     0.063     0.063     0.062     0.062     0.061     0.060     0.058     0.057     0.055     0.053     0.051     0.048     0.046     0.043     0.040     0.037     0.034     0.030     0.027     0.023     0.019     0.016     0.012     0.008     0.004
